33712
33710
33708
33706
33704
33702
33700
33698
33696
33694
33692
33690
33688
33686
33684
33682
33680
33678
33676
33674
33672
33644
33643
33642
33641
33640
33639
33638
33637
33636
33635
33634
33633
33632
33631
33630
33629
33628
33627
33626
33625
33624
33623
33622
33621
33620
33277
33272
33268
33259
33254
33241
33231
33223
33213
33205
33192
33182
33176
33166
33156
33147
33137
33127
33120
33116
33113
33105
33104
33095
33085
33075
33071
33063
33052
33045
33040
33029
33024
33014
33004
32993
32988
32978
32975
32966
32954
32943
32939
32930
32920
32908
32899
32896
32887
32873
32866
32859
32851
32850
32844
32834
32820
32809
32804
32799
32792
32784
32771
32762
32751
32741
32719
32709
32700
32689
32679
32669
32667
32665
32658
32652
32645
32643
32633
32625
32617
32607
32597
32593
32587
32584
32568
32558
32547
32538
32532
32523
32519
32509
32503
32494
32491
32487
32474
32464
32454
32446
32442
32432
32420
32410
32401
32389
32379
32377
32367
32363
32349
32339
32335
32332
32322
32312
32302
32293
32287
32275
32266
32262
32259
32252
32243
32240
32233
32229
32218
32208
32196
32192
32184
32174
32167
32157
32147
32142
32129
32124
32122
32121
32110
32101
32092
32082
32070
32063
32059
32049
32037
32026
32013
32003
31995
31994
31982
31978
31976
31969
31966
31965
31954
31949
31941
31932
31923
31914
31903
31895
31888
31885
31876
31866
31855
31843
31840
31833
31824
31812
31802
31793
31775
31766
31757
31748
31736
31726
31716
31705
31694
31684
31674
31667
31665
31655
31651
31641
31631
31621
31610
31599
31594
31583
31573
31564
31561
31551
31541
31539
31531
31522
31511
31502
31492
31482
31471
31463
31451
31444
31434
31417
31415
31406
31396
31384
31372
31360
31357
31347
31342
31340
31338
31329
31322
31312
31310
31305
31300
31295
31290
31285
31280
31276
31271
31267
31263
31258
31253
31248
31243
31238
31236
31231
31226
31221
31218
31213
31208
31203
31196
31191
31181
31173
31168
31163
31156
31153
31151
31149
31144
31139
31133
31128
31123
31114
31109
31099
31094
31088
31082
31077
31072
31064
31061
31053
31048
31043
31033
31026
31021
31010
31002
30995
30993
30988
30982
30978
30973
30970
30965
30963
30957
30952
30947
30942
30935
30929
30924
30916
30914
30909
30907
30906
30905
30900
30895
30892
30887
30883
30873
30872
30871
30866
30865
30863
30858
30855
30850
30849
30844
30839
30836
30831
30829
30824
30819
30818
30813
30812
30810
30805
30800
30795
30793
30792
30791
30786
30785
30784
30779
30778
30773
30767
30760
30756
30751
30749
30745
30742
30737
30732
30722
30717
30712
30709
30695
30691
30688
30683
30680
30677
30673
30668
30663
30661
30659
30653
30648
30643
30638
30632
30627
30623
30620
30615
30613
30608
30603
30601
30596
30590
30587
30582
30578
30569
30564
30559
30553
30551
30546
30544
30539
30534
30529
30524
30521
30517
30513
30511
30506
30504
30499
30492
30490
30485
30479
30474
30469
30464
30459
30454
30449
30444
30439
30437
30436
30431
30430
30429
30428
30427
30422
30417
30416
30411
30410
30405
30400
30399
30398
30396
30394
30391
30386
30385
30382
30381
30380
30379
30376
30371
30363
30360
30355
30350
30344
30339
30334
30328
30323
30318
30313
30308
30298
30293
30288
30281
30278
30275
30271
30266
30261
30259
30254
30249
30244
30241
30236
30231
30226
30221
30216
30211
30205
30199
30195
30190
30184
30180
30175
30173
30168
30166
30163
30160
30155
30150
30145
30140
30135
30130
30125
30120
30114
30109
30104
30099
30094
30089
30084
30080
30075
30070
30065
30060
30055
30050
30046
30040
30034
30029
30023
30021
30016
30010
30005
30000
29995
29990
29985
29982
29981
29976
29974
29969
29964
29962
29961
29956
29951
29946
29941
29936
29935
29930
29925
29920
29915
29909
29904
29902
29897
29892
29882
29877
29872
29867
29862
29857
29854
29849
29843
29837
29832
29828
29826
29821
29816
29810
29771
29759
29745
29717
29707
29692
29687
29682
29677
29650
29645
29640
29634
29629
29624
29619
29614
29609
29607
29603
29598
29595
29590
29585
29580
29578
29575
29570
29564
29562
29557
29552
29547
29542
29537
29531
29524
29521
29516
29512
29508
29505
29500
29495
29490
29485
29482
29477
29476
29475
29465
29464
29463
29458
29457
29456
29451
29446
29441
29436
29431
29426
29421
29416
29414
29408
29403
29401
29396
29394
29389
29383
29378
29371
29364
29359
29352
29347
29341
29335
29330
29325
29322
29317
29315
29310
29305
29299
29294
29288
29283
29278
29273
29268
29262
29257
29252
29247
29242
29237
29235
29230
29225
29220
29218
29213
29207
29199
29193
29186
29180
29175
29170
29165
29159
29154
29152
29147
29142
29137
29131
29126
29121
29118
29112
29107
29102
29097
29092
29087
29082
29076
29071
29066
29061
29060
29055
29050
29045
29044
29042
29041
29040
29039
29036
29035
29034
29032
29031
29024
29019
29018
29014
29012
29011
29009
29008
29007
29006
29000
28995
28990
28985
28980
28975
28970
28967
28965
28959
28954
28949
28944
28941
28936
28931
28927
28922
28917
28912
28907
28903
28901
28899
28889
28887
28882
28877
28872
28869
28864
28858
28854
28850
28844
28839
28834
28829
28824
28817
28815
28805
28803
28799
28796
28790
28784
28779
28773
28768
28763
28758
28753
28748
28745
28740
28735
28726
28721
28713
28708
28703
28698
28693
28691
28686
28681
28674
28669
28664
28659
28654
28649
28646
28641
28638
28633
28628
28621
28616
28611
28607
28602
28597
28592
28587
28583
28578
28577
28572
28569
28564
28559
28555
28554
28549
28544
28539
28535
28530
28523
28520
28515
28512
28510
28504
28499
28494
28489
28486
28484
28479
28472
28467
28462
28457
28452
28447
28442
28437
28432
28427
28422
28419
28414
28402
28397
28392
28387
28377
28368
28355
28350
28343
28338
28334
28329
28326
28321
28316
28314
28309
28304
28299
28295
28290
28286
28283
28278
28273
28268
28263
28258
28253
28248
28243
28238
28209
28204
28199
28194
28191
28188
28183
28178
28175
28174
28171
28166
28163
28158
28153
28148
28143
28138
28133
28128
28123
28118
28113
28108
28103
28098
28097
28092
28087
28082
28075
28070
28068
28065
28060
28056
28051
28046
28041
28036
28031
28026
28016
28011
28006
28001
27996
27991
27989
27984
27979
27977
27972
27970
27963
27958
27950
27945
27940
27935
27932
27136
27134
27129
27124
27119
27113
27108
27103
27097
27090
27088
27083
27078
27073
27066
27060
27054
27049
27043
27038
27036
27030
27025
27020
27015
27013
27010
27005
27000
26996
26991
26986
26983
26980
26974
26969
26964
26958
26956
26951
26950
26945
26940
26935
26932
26922
26920
26800
26799
26797
26794
26792
26790
26789
26787
26785
26784
26782
26780
26778
26776
26774
26773
